R            ;H_AB_CCSD     		
2.0          ;0.086136802486443634            
3.0          ;0.023980626643223407            
4.0          ;0.0042359534645707133                
6.0          ;0.00020653974599459132           
8.0          ;0.000000022862359074592072
10.0         ;0.000000000028726438664376187    


























































































































































































