R            ;E_CL_CCSD               ;E_CL_CCSD_A            ;E_CL_CCSD_B               ;E_CCSD               ;E_CCSD_A            ;E_CCSD_B
2.0          ;-152.695085699664       ;-76.347982399837       ;-76.341684547424         ;-152.706123125464    ;-76.349468810974    ;-76.349415621886 
2.1          ;-152.696227174709       ;-76.348245214471       ;-76.342762519305         ;-152.705860532544    ;-76.349419497547    ;-76.349337922011
2.2          ;-152.697413792367       ;-76.348489795565       ;-76.343686349319         ;-152.705424702431    ;-76.349374275771    ;-76.349273387688
2.3          ;-152.698210417832       ;-76.348634612901       ;-76.344314073140         ;-152.704892490771    ;-76.349328143453    ;-76.349216641311
2.4          ;-152.698735045843       ;-76.348749648848       ;-76.345075931743         ;-152.704315527480    ;-76.349278164451    ;-76.349165005036
2.5          ;-152.698960059533       ;-76.348797488361       ;-76.345639443080         ;-152.703730054492    ;-76.349224138428    ;-76.349118072400
2.6          ;-152.699197925388       ;-76.348830813386       ;-76.346057010959         ;-152.703160732455    ;-76.349167878687    ;-76.349075886985
2.7          ;-152.699354638364       ;-76.348835661126       ;-76.346491271031         ;-152.702622741830    ;-76.349111936637    ;-76.349037929413
2.8          ;-152.699398615577       ;-76.348832994311       ;-76.346833608073         ;-152.702124104979    ;-76.349058604020    ;-76.349003292682
2.9          ;-152.699373421026       ;-76.348829731754       ;-76.347186493050         ;-152.701668080079    ;-76.349009458895    ;-76.348971249142
3.0          ;-152.699354546418       ;-76.348814552801       ;-76.347450027540         ;-152.701255039594    ;-76.348965332273    ;-76.348941554460
3.1          ;-152.699323922033       ;-76.348805925720       ;-76.347682045683         ;-152.700883699412    ;-76.348926487354    ;-76.348914385062
3.2          ;-152.699263499050       ;-76.348793960467       ;-76.347864546860         ;-152.700551839645    ;-76.348892849881    ;-76.348890092839
3.3          ;-152.699196365552       ;-76.348782970946       ;-76.348018850239         ;-152.700256717169    ;-76.348864195401    ;-76.348868965102
3.4          ;-152.699121750049       ;-76.348774222853       ;-76.348130187983         ;-152.699995306570    ;-76.348840257306    ;-76.348851077311
3.5          ;-152.699029418860       ;-76.348767206640       ;-76.348235835314         ;-152.699764451201    ;-76.348820753901    ;-76.348836257702
3.6          ;-152.698960730514       ;-76.348762382797       ;-76.348333592443         ;-152.699560973140    ;-76.348805363431    ;-76.348824143570
3.7          ;-152.698879785882       ;-76.348759742132       ;-76.348399295706         ;-152.699381763671    ;-76.348793681962    ;-76.348814287736
3.8          ;-152.698800693101       ;-76.348757855869       ;-76.348453012550         ;-152.699223850512    ;-76.348785193505    ;-76.348806260265
3.9          ;-152.698722153699       ;-76.348757426181       ;-76.348497606273         ;-152.699084439033    ;-76.348779278072    ;-76.348799704721
4.0          ;-152.698654925880       ;-76.348757625048       ;-76.348534573891         ;-152.698960937116    ;-76.348775258487    ;-76.348794341294
4.1          ;-152.698589052290       ;-76.348758161103       ;-76.348565690527         ;-152.698850987321    ;-76.348772477696    ;-76.348789940758
4.2          ;-152.698528066190       ;-76.348758448967       ;-76.348593955327         ;-152.698752512568    ;-76.348770378139    ;-76.348786302252
4.3          ;-152.698476880149       ;-76.348758466272       ;-76.348617348980         ;-152.698663758874    ;-76.348768556215    ;-76.348783247977
4.4          ;-152.698421876233       ;-76.348758103201       ;-76.348639965026         ;-152.698583312533    ;-76.348766776278    ;-76.348780630860
4.5          ;-152.698375040579       ;-76.348757394207       ;-76.348660892615         ;-152.698510071830    ;-76.348764946033    ;-76.348778343102
4.6          ;-152.698326492430       ;-76.348756459080       ;-76.348677072216         ;-152.698443190797    ;-76.348763069040    ;-76.348776316041
4.7          ;-152.698288664556       ;-76.348755397300       ;-76.348692685284         ;-152.698382006504    ;-76.348761195230    ;-76.348774514237
4.8          ;-152.698248019734       ;-76.348754199276       ;-76.348706003157         ;-152.698325974203    ;-76.348759382232    ;-76.348772922655
4.9          ;-152.698210833502       ;-76.348753088419       ;-76.348716450342         ;-152.698274617407    ;-76.348757672814    ;-76.348771534603
5.0          ;-152.698175549594       ;-76.348751997836       ;-76.348726421623         ;-152.698227502741    ;-76.348756088146    ;-76.348770341753
5.5          ;-152.698025729967       ;-76.348747421979       ;-76.348753195393         ;-152.698042334635    ;-76.348749827723    ;-76.348766590864
6.0          ;-152.697910322877       ;-76.348744528565       ;-76.348760377304         ;-152.697915721597    ;-76.348745730849    ;-76.348764539961
6.5          ;-152.697824498203       ;-76.348743334293       ;-76.348761579845         ;-152.697826660442    ;-76.348743789835    ;-76.348763255371
7.0          ;-152.697761341448       ;-76.348742991278       ;-76.348761669386         ;-152.697762357525    ;-76.348743146427    ;-76.348762542918
7.5          ;-152.697713608885       ;-76.348742668618       ;-76.348761537913         ;-152.697714204504    ;-76.348742759625    ;-76.348762050013
8.0          ;-152.697676744089       ;-76.348742227956       ;-76.348761340363         ;-152.697677122507    ;-76.348742314455    ;-76.348761640756
8.5          ;-152.697647873070       ;-76.348741809823       ;-76.348761146245         ;-152.697648115981    ;-76.348741886268    ;-76.348761315723
9.0          ;-152.697625029586       ;-76.348741503734       ;-76.348760986229         ;-152.697625176247    ;-76.348741560039    ;-76.348761076748
9.5          ;-152.697606760676       ;-76.348741313093       ;-76.348760866392         ;-152.697606842716    ;-76.348741349098    ;-76.348760913087
10.0         ;-152.697591987862       ;-76.348741207754       ;-76.348760787354         ;-152.697592030075    ;-76.348741227867    ;-76.348760810041






































































































































































































































