R            ;E_CL_CCSD               ;E_CL_CCSD_A            ;E_CL_CCSD_B               ;E_CCSD               ;E_CCSD_A            ;E_CCSD_B
2.0          ;-152.692012512330       ;-76.345186847771       ;-76.341530642412          ;-152.706123125464    ;-76.349468810974    ;-76.349415621886 
2.1          ;-152.693648979166       ;-76.345457475988       ;-76.342594003284          ;-152.705860532544    ;-76.349419497547    ;-76.349337922011
2.2          ;-152.694715429413       ;-76.345696019465       ;-76.343458623261          ;-152.705424702431    ;-76.349374275771    ;-76.349273387688
2.3          ;-152.695435390924       ;-76.345894010463       ;-76.344163676668          ;-152.704892490771    ;-76.349328143453    ;-76.349216641311
2.4          ;-152.695901837142       ;-76.346058368068       ;-76.344719904084          ;-152.704315527480    ;-76.349278164451    ;-76.349165005036
2.5          ;-152.696158574989       ;-76.346186616579       ;-76.345158874468          ;-152.703730054492    ;-76.349224138428    ;-76.349118072400
2.6          ;-152.696282947040       ;-76.346285561987       ;-76.345511796375          ;-152.703160732455    ;-76.349167878687    ;-76.349075886985
2.7          ;-152.696309252136       ;-76.346362377675       ;-76.345786169053          ;-152.702622741830    ;-76.349111936637    ;-76.349037929413
2.8          ;-152.696259120707       ;-76.346427019242       ;-76.345998201065          ;-152.702124104979    ;-76.349058604020    ;-76.349003292682
2.9          ;-152.696157367469       ;-76.346481653419       ;-76.346153594036          ;-152.701668080079    ;-76.349009458895    ;-76.348971249142
3.0          ;-152.696023651339       ;-76.346527973716       ;-76.346268690234          ;-152.701255039594    ;-76.348965332273    ;-76.348941554460
3.1          ;-152.695876166694       ;-76.346562148397       ;-76.346356582584          ;-152.700883699412    ;-76.348926487354    ;-76.348914385062
3.2          ;-152.695724090125       ;-76.346590033824       ;-76.346424532044          ;-152.700551839645    ;-76.348892849881    ;-76.348890092839
3.3          ;-152.695569347174       ;-76.346612162870       ;-76.346473996773          ;-152.700256717169    ;-76.348864195401    ;-76.348868965102
3.4          ;-152.695419845661       ;-76.346629802264       ;-76.346511985827          ;-152.699995306570    ;-76.348840257306    ;-76.348851077311
3.5          ;-152.695278494268       ;-76.346643665992       ;-76.346542194921          ;-152.699764451201    ;-76.348820753901    ;-76.348836257702
3.6          ;-152.695147026572       ;-76.346654541647       ;-76.346567374003          ;-152.699560973140    ;-76.348805363431    ;-76.348824143570
3.7          ;-152.695026256159       ;-76.346663005530       ;-76.346588882541          ;-152.699381763671    ;-76.348793681962    ;-76.348814287736
3.8          ;-152.694916002814       ;-76.346669548159       ;-76.346608098918          ;-152.699223850512    ;-76.348785193505    ;-76.348806260265
3.9          ;-152.694815378273       ;-76.346674549419       ;-76.346625310723          ;-152.699084439033    ;-76.348779278072    ;-76.348799704721
4.0          ;-152.694723427160       ;-76.346678350887       ;-76.346640536510          ;-152.698960937116    ;-76.348775258487    ;-76.348794341294
4.1          ;-152.694639232234       ;-76.346681229994       ;-76.346654011703          ;-152.698850987321    ;-76.348772477696    ;-76.348789940758
4.2          ;-152.694561841764       ;-76.346683398579       ;-76.346665713335          ;-152.698752512568    ;-76.348770378139    ;-76.348786302252
4.3          ;-152.694490502921       ;-76.346685043242       ;-76.346675628951          ;-152.698663758874    ;-76.348768556215    ;-76.348783247977
4.4          ;-152.694424394331       ;-76.346686293225       ;-76.346683857668          ;-152.698583312533    ;-76.348766776278    ;-76.348780630860
4.5          ;-152.694363039055       ;-76.346687251605       ;-76.346690564031          ;-152.698510071830    ;-76.348764946033    ;-76.348778343102
4.6          ;-152.694305910869       ;-76.346687982334       ;-76.346695792302          ;-152.698443190797    ;-76.348763069040    ;-76.348776316041
4.7          ;-152.694252700549       ;-76.346688540400       ;-76.346699786502          ;-152.698382006504    ;-76.348761195230    ;-76.348774514237
4.8          ;-152.694203069290       ;-76.346688963895       ;-76.346702705807          ;-152.698325974203    ;-76.348759382232    ;-76.348772922655
4.9          ;-152.694156712495       ;-76.346689278319       ;-76.346704744014          ;-152.698274617407    ;-76.348757672814    ;-76.348771534603
5.0          ;-152.694113435984       ;-76.346689511778       ;-76.346706088021          ;-152.698227502741    ;-76.348756088146    ;-76.348770341753
5.5          ;-152.693937116967       ;-76.346689981003       ;-76.346707337375          ;-152.698042334635    ;-76.348749827723    ;-76.348766590864
6.0          ;-152.693813385139       ;-76.346690069952       ;-76.346706646039          ;-152.697915721597    ;-76.348745730849    ;-76.348764539961
6.5          ;-152.693725228924       ;-76.346690114991       ;-76.346706399572          ;-152.697826660442    ;-76.348743789835    ;-76.348763255371
7.0          ;-152.693660596275       ;-76.346690138123       ;-76.346706324003          ;-152.697762357525    ;-76.348743146427    ;-76.348762542918
7.5          ;-152.693612026880       ;-76.346690146585       ;-76.346706288476          ;-152.697714204504    ;-76.348742759625    ;-76.348762050013
8.0          ;-152.693574789777       ;-76.346690149148       ;-76.346706276693          ;-152.697677122507    ;-76.348742314455    ;-76.348761640756
8.5          ;-152.693545737430       ;-76.346690149804       ;-76.346706274733          ;-152.697648115981    ;-76.348741886268    ;-76.348761315723
9.0          ;-152.693522720367       ;-76.346690149974       ;-76.346706274995          ;-152.697625176247    ;-76.348741560039    ;-76.348761076748
9.5          ;-152.693504237964       ;-76.346690150003       ;-76.346706275135          ;-152.697606842716    ;-76.348741349098    ;-76.348760913087
10.0         ;-152.693489219135       ;-76.346690150010       ;-76.346706275179          ;-152.697592030075    ;-76.348741227867    ;-76.348760810041






































































































































































































































